0.13846153846153847 0.19178544130209965 0.26999244442677056
0.7600000000000015 0.769749561620431 0.03344832385572831
0.0 0.4861517018119691 0.18267586590845827
0.44923076923076644 0.27557214154039833 0.15474012804708315
0.42461538461538323 0.0 1.0
0.5938461538461525 0.17899375028101253 0.5412971726249652
0.6984615384615399 0.03929679420889336 0.7607070425895733
0.26153846153846155 0.18029764848702842 0.5656539547460929
1.0 1.0 0.0
0.7753846153846168 0.7593633379794075 0.02990913429037262
0.9138461538461552 0.8364282181556587 0.02246291804191356
