1.000000 0.952381 0.904762
0.857143 0.809524 0.761905
0.714286 0.666667 0.619048
0.571429 0.523810 0.476190
0.428571 0.380952 0.333333
0.285714 0.238095 0.190476
0.142857 0.095238 0.047619
0.000010 0.952381 0.904762
0.857143 0.809524 0.761905
0.714286 0.666667 0.619048
0.571429 0.523810 0.476190
0.428571 0.380952 0.333333
0.285714 0.238095 0.190476
0.142857 0.095238 0.047619
0.000010 0.904762 0.857143
0.809524 0.761905 0.714286
0.666667 0.619048 0.571429
0.523810 0.476190 0.428571
0.380952 0.333333 0.285714
0.238095 0.190476 0.142857
0.095238 0.047619 0.000010
0.857143 0.809524 0.761905
0.714286 0.666667 0.619048
0.571429 0.523810 0.476190
0.428571 0.380952 0.333333
0.285714 0.238095 0.190476
0.142857 0.095238 0.047619
0.000010 0.809524 0.761905
0.714286 0.666667 0.619048
0.571429 0.523810 0.476190
0.428571 0.380952 0.333333
0.285714 0.238095 0.190476
0.142857 0.095238 0.047619
0.000010 0.761905 0.714286
0.666667 0.619048 0.571429
0.523810 0.476190 0.428571
0.380952 0.333333 0.285714
0.238095 0.190476 0.142857
0.095238 0.047619 0.000010
0.714286 0.666667 0.619048
0.571429 0.523810 0.476190
0.428571 0.380952 0.333333
0.285714 0.238095 0.190476
0.142857 0.095238 0.047619
0.000010 0.666667 0.619048
0.571429 0.523810 0.476190
0.428571 0.380952 0.333333
0.285714 0.238095 0.190476
0.142857 0.095238 0.047619
0.000010 0.619048 0.571429
0.523810 0.476190 0.428571
0.380952 0.333333 0.285714
0.238095 0.190476 0.142857
0.095238 0.047619 0.000010
0.571429 0.523810 0.476190
0.428571 0.380952 0.333333
0.285714 0.238095 0.190476
0.142857 0.095238 0.047619
0.000010 0.523810 0.476190
0.428571 0.380952 0.333333
0.285714 0.238095 0.190476
0.142857 0.095238 0.047619
0.000010 0.476190 0.428571
0.380952 0.333333 0.285714
0.238095 0.190476 0.142857
0.095238 0.047619 0.000010
0.428571 0.380952 0.333333
0.285714 0.238095 0.190476
0.142857 0.095238 0.047619
0.000010 0.380952 0.333333
0.285714 0.238095 0.190476
0.142857 0.095238 0.047619
0.000010 0.333333 0.285714
0.238095 0.190476 0.142857
0.095238 0.047619 0.000010
0.285714 0.238095 0.190476
0.142857 0.095238 0.047619
0.000010 0.238095 0.190476
0.142857 0.095238 0.047619
0.000010 0.190476 0.142857
0.095238 0.047619 0.000010
0.142857 0.095238 0.047619
0.000010 0.095238 0.047619
0.000010 0.047619 0.000010
0.000010 0.000010 0.047619
0.095238 0.142857 0.190476
0.238095 0.285714 0.333333
0.380952 0.428571 0.476190
0.523810 0.571429 0.619048
0.666667 0.714286 0.761905
0.809524 0.857143 0.904762
0.952381 1.000000 0.000010
0.047619 0.095238 0.142857
0.190476 0.238095 0.285714
0.333333 0.380952 0.428571
0.476190 0.523810 0.571429
0.619048 0.666667 0.714286
0.761905 0.809524 0.857143
0.904762 0.952381 0.000010
0.047619 0.095238 0.142857
0.190476 0.238095 0.285714
0.333333 0.380952 0.428571
0.476190 0.523810 0.571429
0.619048 0.666667 0.714286
0.761905 0.809524 0.857143
0.904762 0.000010 0.047619
0.095238 0.142857 0.190476
0.238095 0.285714 0.333333
0.380952 0.428571 0.476190
0.523810 0.571429 0.619048
0.666667 0.714286 0.761905
0.809524 0.857143 0.000010
0.047619 0.095238 0.142857
0.190476 0.238095 0.285714
0.333333 0.380952 0.428571
0.476190 0.523810 0.571429
0.619048 0.666667 0.714286
0.761905 0.809524 0.000010
0.047619 0.095238 0.142857
0.190476 0.238095 0.285714
0.333333 0.380952 0.428571
0.476190 0.523810 0.571429
0.619048 0.666667 0.714286
0.761905 0.000010 0.047619
0.095238 0.142857 0.190476
0.238095 0.285714 0.333333
0.380952 0.428571 0.476190
0.523810 0.571429 0.619048
0.666667 0.714286 0.000010
0.047619 0.095238 0.142857
0.190476 0.238095 0.285714
0.333333 0.380952 0.428571
0.476190 0.523810 0.571429
0.619048 0.666667 0.000010
0.047619 0.095238 0.142857
0.190476 0.238095 0.285714
0.333333 0.380952 0.428571
0.476190 0.523810 0.571429
0.619048 0.000010 0.047619
0.095238 0.142857 0.190476
0.238095 0.285714 0.333333
0.380952 0.428571 0.476190
0.523810 0.571429 0.000010
0.047619 0.095238 0.142857
0.190476 0.238095 0.285714
0.333333 0.380952 0.428571
0.476190 0.523810 0.000010
0.047619 0.095238 0.142857
0.190476 0.238095 0.285714
0.333333 0.380952 0.428571
0.476190 0.000010 0.047619
0.095238 0.142857 0.190476
0.238095 0.285714 0.333333
0.380952 0.428571 0.000010
0.047619 0.095238 0.142857
0.190476 0.238095 0.285714
0.333333 0.380952 0.000010
0.047619 0.095238 0.142857
0.190476 0.238095 0.285714
0.333333 0.000010 0.047619
0.095238 0.142857 0.190476
0.238095 0.285714 0.000010
0.047619 0.095238 0.142857
0.190476 0.238095 0.000010
0.047619 0.095238 0.142857
0.190476 0.000010 0.047619
0.095238 0.142857 0.000010
0.047619 0.095238 0.000010
0.047619 0.000010 0.000010
0.000010 0.000010 0.000010
0.000010 0.000010 0.000010
0.000010 0.000010 0.000010
0.000010 0.000010 0.000010
0.000010 0.000010 0.000010
0.000010 0.000010 0.000010
0.000010 0.000010 0.000010
0.047619 0.047619 0.047619
0.047619 0.047619 0.047619
0.047619 0.047619 0.047619
0.047619 0.047619 0.047619
0.047619 0.047619 0.047619
0.047619 0.047619 0.047619
0.047619 0.047619 0.047619
0.095238 0.095238 0.095238
0.095238 0.095238 0.095238
0.095238 0.095238 0.095238
0.095238 0.095238 0.095238
0.095238 0.095238 0.095238
0.095238 0.095238 0.095238
0.095238 0.095238 0.142857
0.142857 0.142857 0.142857
0.142857 0.142857 0.142857
0.142857 0.142857 0.142857
0.142857 0.142857 0.142857
0.142857 0.142857 0.142857
0.142857 0.142857 0.142857
0.190476 0.190476 0.190476
0.190476 0.190476 0.190476
0.190476 0.190476 0.190476
0.190476 0.190476 0.190476
0.190476 0.190476 0.190476
0.190476 0.190476 0.190476
0.238095 0.238095 0.238095
0.238095 0.238095 0.238095
0.238095 0.238095 0.238095
0.238095 0.238095 0.238095
0.238095 0.238095 0.238095
0.238095 0.238095 0.285714
0.285714 0.285714 0.285714
0.285714 0.285714 0.285714
0.285714 0.285714 0.285714
0.285714 0.285714 0.285714
0.285714 0.285714 0.285714
0.333333 0.333333 0.333333
0.333333 0.333333 0.333333
0.333333 0.333333 0.333333
0.333333 0.333333 0.333333
0.333333 0.333333 0.333333
0.380952 0.380952 0.380952
0.380952 0.380952 0.380952
0.380952 0.380952 0.380952
0.380952 0.380952 0.380952
0.380952 0.380952 0.428571
0.428571 0.428571 0.428571
0.428571 0.428571 0.428571
0.428571 0.428571 0.428571
0.428571 0.428571 0.428571
0.476190 0.476190 0.476190
0.476190 0.476190 0.476190
0.476190 0.476190 0.476190
0.476190 0.476190 0.476190
0.523810 0.523810 0.523810
0.523810 0.523810 0.523810
0.523810 0.523810 0.523810
0.523810 0.523810 0.571429
0.571429 0.571429 0.571429
0.571429 0.571429 0.571429
0.571429 0.571429 0.571429
0.619048 0.619048 0.619048
0.619048 0.619048 0.619048
0.619048 0.619048 0.619048
0.666667 0.666667 0.666667
0.666667 0.666667 0.666667
0.666667 0.666667 0.714286
0.714286 0.714286 0.714286
0.714286 0.714286 0.714286
0.761905 0.761905 0.761905
0.761905 0.761905 0.761905
0.809524 0.809524 0.809524
0.809524 0.809524 0.857143
0.857143 0.857143 0.857143
0.904762 0.904762 0.904762
0.952381 0.952381 1.000000
